aaaa	35351	35340.43	0.320385
aaac	25449	26851.55	-17.610905
aaag	23050	20676.80	58.864080
aaat	25953	26934.27	-9.083647
aaca	22139	19061.75	104.653599
aacc	20679	24335.49	-128.127400
aacg	24544	23767.22	6.592823
aact	16066	16263.58	-1.217652
aaga	17236	15270.38	54.481668
aagc	20057	21838.74	-34.074349
aagg	13855	13683.49	1.143835
aagt	13095	13450.42	-2.980450
aata	21067	17169.02	181.618902
aatc	21059	23362.65	-52.835596
aatg	21754	20639.01	14.193914
aatt	19805	22514.36	-75.794991
acaa	16863	13960.57	124.932200
acac	11076	12135.71	-22.124765
acag	16836	19084.70	-61.758743
acat	14430	14024.06	3.494545
acca	24206	24035.76	0.865759
accc	12335	13287.22	-16.533880
accg	25429	24212.54	14.412600
acct	13615	14049.52	-3.941461
acga	14353	15131.99	-10.089139
acgc	26565	24620.34	34.164784
acgg	18185	18471.11	-1.758605
acgt	14717	15596.60	-12.259264
acta	6624	5725.94	30.584031
actc	9902	9152.29	14.295160
actg	20703	22023.60	-18.971794
actt	13285	13612.20	-2.611668
agaa	18702	17889.75	9.104894
agac	10782	11699.76	-17.413263
agag	10927	9127.42	74.216129
agat	16787	18480.88	-36.403274
agca	23524	20448.33	97.910265
agcc	17852	19782.37	-43.993188
agcg	26889	24403.37	55.069793
agct	13535	17166.65	-182.428287
agga	11360	10681.10	10.412221
aggc	16910	17461.35	-4.869574
aggg	9277	9027.18	2.352369
aggt	13707	14084.19	-3.150521
agta	10728	10382.33	3.432032
agtc	9532	10705.90	-30.528249
agtg	13770	13003.86	10.865367
agtt	16351	16288.74	0.503662
ataa	22152	20816.70	19.654905
atac	13517	15930.93	-85.689553
atag	9492	8232.60	41.438706
atat	18998	19178.81	-1.018378
atca	27890	27468.65	2.257905
atcc	18471	18284.54	1.074295
atcg	24537	23370.70	13.776069
atct	16406	18180.16	-40.527619
atga	20933	20015.51	10.247165
atgc	21968	22773.94	-7.431350
atgg	19847	20381.30	-4.075129
atgt	14378	13955.29	3.736783
atta	19327	17062.95	64.377470
attc	17508	20779.74	-120.458460
attg	21216	19085.49	51.600567
attt	26083	27205.86	-11.496112
caaa	24289	24910.48	-4.427008
caac	22109	18926.91	112.360740
caag	9925	14574.50	-366.042290
caat	21074	18985.22	49.930011
caca	13062	15372.25	-81.366445
cacc	23612	19625.22	167.591700
cacg	16602	19166.95	-80.045328
cact	14004	13115.68	14.098179
caga	22299	25149.58	-74.980317
cagc	37845	35967.35	22.478258
cagg	24947	22536.04	55.968032
cagt	20714	22152.19	-22.200076
cata	13541	15951.19	-85.309826
catc	26625	21705.50	228.660269
catg	15486	19175.05	-167.488089
catt	22097	20917.37	15.552084
ccaa	13709	20550.26	-565.089458
ccac	18671	17864.02	9.011876
ccag	34555	28093.09	304.405407
ccat	20216	20643.73	-2.854333
ccca	13715	15320.44	-39.489973
cccc	8906	8469.30	5.898720
cccg	16418	15433.12	14.703697
ccct	9139	8955.19	1.575963
ccga	16059	17996.05	-48.703765
ccgc	28939	29280.27	-1.643689
ccgg	24478	21967.18	61.971098
ccgt	18316	18548.60	-1.360137
ccta	4138	5774.46	-113.635003
cctc	8156	9229.84	-29.724705
cctg	24930	22210.22	71.520229
cctt	13717	13727.55	-0.331294
cgaa	19328	22410.30	-98.718788
cgac	17384	14656.16	106.043602
cgag	10486	11433.82	-18.928541
cgat	24453	23150.80	17.020597
cgca	25753	29142.15	-91.321521
cgcc	35318	28193.05	366.029595
cgcg	28391	34778.72	-275.765318
cgct	27117	24465.22	62.209602
cgga	17262	18226.77	-12.583213
cggc	29065	29796.93	-5.004689
cggg	16370	15404.43	14.203783
cggt	24765	24033.97	5.889845
cgta	14454	15219.01	-9.712088
cgtc	18370	15693.31	95.966269
cgtg	16508	19061.81	-79.796142
cgtt	24519	23876.96	4.769995
ctaa	7646	8791.47	-35.435268
ctac	9159	6728.07	173.256063
ctag	938	3476.86	-570.951711
ctat	9353	8099.75	41.676802
ctca	12202	13626.79	-35.098591
ctcc	9668	9070.69	9.569639
ctcg	10650	11593.86	-18.527987
ctct	10790	9018.90	72.793040
ctga	24671	27046.74	-48.507651
ctgc	28593	30774.18	-36.095888
ctgg	34177	27541.02	326.266938
ctgt	16778	18857.63	-53.497620
ctta	9950	13063.87	-177.987425
cttc	21220	15909.55	351.331256
cttg	9798	14612.38	-393.077852
cttt	23447	20829.56	70.557666
gaaa	27743	27205.23	3.249870
gaac	18127	20670.46	-72.854098
gaag	21161	15917.10	342.866673
gaat	17496	20734.13	-118.227434
gaca	13233	12630.44	7.294881
gacc	13909	16124.85	-71.215547
gacg	18460	15748.31	98.068721
gact	9678	10776.35	-26.639786
gaga	11852	10250.92	53.365206
gagc	13208	14660.22	-33.880072
gagg	8287	9185.64	-21.136486
gagt	9779	9029.19	14.473737
gata	20383	17914.76	72.591033
gatc	19297	24377.42	-250.855998
gatg	26548	21535.47	238.758986
gatt	21092	23492.27	-57.007600
gcaa	27238	22842.91	175.593405
gcac	18313	19856.98	-28.308588
gcag	29459	31227.23	-23.702277
gcat	21864	22946.80	-12.579858
gcca	31988	29802.27	35.701538
gccc	15855	16475.01	-6.241103
gccg	28865	30021.46	-11.087733
gcct	17011	17420.19	-3.033680
gcga	25628	23698.48	34.881449
gcgc	35382	38558.36	-60.510717
gcgg	28606	28927.95	-1.540225
gcgt	25995	24426.13	22.934601
gcta	10729	9218.69	52.686064
gctc	13485	14735.06	-25.178388
gctg	36999	35457.71	15.763487
gctt	20114	21915.47	-34.695305
ggaa	20508	17785.02	88.258016
ggac	8325	11631.27	-229.068570
ggag	9801	9073.99	13.620746
ggat	18229	18372.69	-0.838956
ggca	27680	23237.63	176.416481
ggcc	12725	22480.83	-1098.379407
ggcg	34769	27732.17	362.836031
ggct	17785	19508.30	-35.687100
ggga	11341	10015.10	38.117038
gggc	15480	16372.57	-12.040078
gggg	8836	8464.30	4.519882
gggt	12401	13205.99	-12.148041
ggta	17321	15451.64	48.957402
ggtc	13659	15933.20	-75.965791
ggtg	23437	19353.18	177.801567
ggtt	20563	24241.94	-130.250083
gtaa	18218	17260.97	12.615889
gtac	12133	13209.75	-21.009603
gtag	9515	6826.38	206.760400
gtat	13334	15902.86	-97.371609
gtca	18637	17260.07	24.737940
gtcc	8372	11489.18	-205.207075
gtcg	17375	14685.10	103.045047
gtct	10474	11423.60	-19.012639
gtga	19240	17292.38	47.664914
gtgc	18059	19675.52	-31.231097
gtgg	18378	17608.40	8.393538
gtgt	10956	12056.66	-23.954784
gtta	17656	16927.25	7.893594
gttc	18294	20614.48	-60.811651
gttg	22087	18933.71	110.376232
gttt	25428	26989.49	-21.490305
taaa	22420	22346.91	0.504560
taac	17743	16979.12	8.550410
taag	10107	13074.62	-160.957245
taat	19162	17031.42	57.402829
taca	10771	12140.60	-36.446291
tacc	17385	15499.49	49.624751
tacg	14214	15137.56	-13.800380
tact	10766	10358.42	4.462833
taga	5811	6526.93	-19.062827
tagc	10690	9334.41	42.422418
tagg	4165	5848.65	-118.910701
tagt	6793	5749.04	40.432547
tata	9168	13124.05	-292.364838
tatc	20323	17858.47	72.595072
tatg	13338	15776.51	-88.350474
tatt	21140	17210.04	184.081482
tcaa	19587	20043.37	-3.220556
tcac	19220	17423.39	40.577477
tcag	24955	27400.14	-50.687268
tcat	21239	20134.53	14.265003
tcca	17242	17992.63	-8.073773
tccc	11082	9946.52	28.629321
tccg	17080	18124.97	-14.675540
tcct	11177	10517.16	10.032136
tcga	15611	14824.57	10.140309
tcgc	25693	24120.17	23.313336
tcgg	16193	18095.87	-46.755371
tcgt	14823	15279.75	-3.991888
tcta	5605	6377.07	-22.558565
tctc	11767	10193.05	51.929232
tctg	21587	24528.04	-81.884369
tctt	17299	15160.13	64.470959
tgaa	25989	26441.85	-2.588093
tgac	18789	17292.77	28.879700
tgag	11912	13490.73	-43.404997
tgat	27851	27315.56	3.218519
tgca	19917	24045.80	-166.178531
tgcc	27824	23262.68	185.439795
tgcg	25561	28696.65	-79.371397
tgct	22890	20186.77	77.307823
tgga	16900	17939.98	-14.685710
tggc	31504	29328.08	35.931583
tggg	13575	15162.05	-39.006807
tggt	24107	23655.80	2.770363
tgta	10697	12146.99	-40.767625
tgtc	13297	12525.55	11.373251
tgtg	12918	15214.10	-81.227147
tgtt	22032	19057.30	98.070705
ttaa	21416	22562.93	-14.219794
ttac	18327	17267.31	15.193427
ttag	7514	8923.20	-52.721535
ttat	22284	20787.65	24.356441
ttca	26272	26645.91	-1.967856
ttcc	20070	17736.88	65.769852
ttcg	19758	22670.70	-87.036118
ttct	18588	17635.63	12.266598
ttga	19696	20186.29	-3.580852
ttgc	27572	22968.26	191.018998
ttgg	13684	20555.20	-570.231309
ttgt	16832	14074.36	112.418687
ttta	22608	22487.04	0.677317
tttc	27667	27385.35	1.352870
tttg	24683	25152.52	-2.832086
tttt	35921	35854.25	0.440791
